68
3353 2158 1195
4531 4040 491
3494 3327 167
4234 3012 1222
4866 3777 1089
2594 2059 535
2491 1096 1395
4750 4008 742
4938 4068 870
4232 3749 483
3414 2828 586
4502 4167 335
2531 1780 751
2058 1646 412
4648 4090 558
3005 2086 919
3001 2199 802
3228 1943 1285
2250 1328 922
4198 3594 604
3949 3707 242
4720 3631 1089
3565 3527 38
4717 3875 842
4663 4308 355
4153 4088 65
2784 1600 1184
2149 2035 114
4286 3646 640
3166 2473 693
4994 3510 1484
3174 2495 679
2786 1888 898
4721 4503 218
3132 2987 145
2216 1349 867
2426 1675 751
2506 1452 1054
4704 4006 698
4730 3928 802
3692 2214 1478
4129 3679 450
2700 1523 1177
4905 4180 725
2307 1180 1127
4368 3860 508
4369 3890 479
2697 2157 540
2890 2075 815
3623 2518 1105
2607 2538 69
2803 2358 445
4474 4410 64
3660 3011 649
2705 2172 533
3384 2313 1071
4909 3615 1294
2696 2275 421
2976 2658 318
2016 1075 941
2864 1748 1116
3473 2769 704
3741 2571 1170
4976 3606 1370
2693 1777 916
4541 3517 1024
4405 3956 449
4830 4309 521
