7784
7652
7489
7313
7363
7307
7538
7564
7592
7651
7708
7877
7968
8089
8310
8444
8283
8116
8084
7953
7722
7958
8060
8214
8136
8261
8372
8126
7979
8205
8019
8073
7823
8014
8071
7879
7711
7693
7676
7445
7322
7428
7362
7262
7354
7185
7132
6912
7047
7204
7361
7477
7408
7245
7112
7277
7336
7145
7173
7057
7192
6948
7085
6896
6986
7137
7308
7449
7223
7232
7385
7150
7326
7125
7357
7428
7646
7869
7695
7678
7796
7885
7714
7683
7600
7572
7735
7906
8079
8189
8053
7884
7918
7815
7880
7752
7965
7771
7866
7803
